iters noOfAnts alpha beta rho qfactor startvalp

pretabulist:
    euc 100:
    100 100 3 3 0.1 0.1 0.1 1936
    100 100 3 3 0.2 0.1 0.1 1867
    100 100 3 3 0.5 0.1 0.1 1842
    100 100 1 10 0.5 10 0.1 1603
    100 100 1 10 0.5 10 0.000000000000001 1586 300s:1595
    100 100 1 10 0.5 100 0.00000000000001 1601
    100 100 1 5 0.5 10 0.0000000000000001 1618 1588 300s:1558
    100 100 1 5 0.7 10 0.0000000000000001 300s:1584

    non euc 100:
    100 100 1 5 0.7 10 0.0000000000000001 300s:5290
    100 100 1 5 0.8 10 0.0000000000000001 300s:5307
    100 100 1 5 0.6 10 0.0000000000000001 300s:5318

    non euc 500:
    100(3) 100 1 5 0.6 10 0.00000000001 261 27514
    100(35) 10 1 5 0.6 10 0.0001 297 27456
    100(3) 100 1 10 0.6 10 0.01 256 27745
    100(3) 100 3 3 0.1 0.1 0.00000000000001 256 27770

posttabulist maxTabuLength=1000000:
    non euc 100:
    100 100 1 10 0.6 10 0.0000000000001 100iters 5234
    1000 100 1 10 0.5 10 0.0000001 300s 148iters 5228
    1000 40 1 10 0.5 10 0.0000001 300s 148iters 5223
    1000 20 1 10 0.5 10 0.0000001 300s 148iters 5216
    1000 10 1 10 0.5 10 0.0000001 300s 148iters 5215
    100000 n//6 1 10 0.5 10 0.0000001 300s 953iters 5235
    100000 n//5 1 10 0.5 10 0.0000001 300s 953iters 5219
    100000 n//5 1 10 0.5 10 0.0000001 300s 953iters 5214

    euc 100:
    1000 100 1 10 0.6 10 0.000000000001 300s 147iters 1594

posttabulist maxTabuLength=1000:
    euc 100:
    1000 100 1 10 0.6 10 0.000000000001 300s 154iters 1586

post maxTabuLength=3000 and keysort (presently):
    euc 100:
    1000 100 1 10 0.6 10 0.000000000000001 300s 148iters 1586
    1000 100 1 10 0.5 10 0.000000000000001 300s 148iters 1604

    non euc 100:
    1000 100 1 10 0.5 10 0.0000001 300s 148iters 5234


post maxTabuLength=3000 and keysort + qfactor+=1 after iter: (removed)
    euc 100:
    1000 100 1 10 0.6 10 0.000000000000001 300s 145iters 1582
    1000 100 1 10 0.5 10 0.000000000000001 300s 148iters 1593
    1000 100 1 5 0.5 10 0.000000000000001 300s 148iters 1584
